500
1 4253.0 185.0
2 2729.0 2357.0
3 273.0 4920.0
4 584.0 1828.0
5 2898.0 2870.0
6 3281.0 847.0
7 3849.0 209.0
8 3079.0 4786.0
9 1750.0 1645.0
10 4445.0 4477.0
11 4331.0 4358.0
12 3217.0 2447.0
13 3892.0 672.0
14 1139.0 4081.0
15 1633.0 4996.0
16 3143.0 3980.0
17 3552.0 3054.0
18 4440.0 3803.0
19 4144.0 61.0
20 3765.0 904.0
21 2264.0 4798.0
22 4032.0 4402.0
23 934.0 1402.0
24 4564.0 4918.0
25 3176.0 115.0
26 2832.0 1639.0
27 4707.0 3062.0
28 1403.0 3540.0
29 749.0 2130.0
30 2937.0 3231.0
31 2569.0 1445.0
32 985.0 3734.0
33 2433.0 4810.0
34 208.0 406.0
35 4464.0 2311.0
36 3706.0 2923.0
37 4805.0 3346.0
38 53.0 1659.0
39 4060.0 4208.0
40 614.0 275.0
41 4655.0 2910.0
42 3334.0 3848.0
43 2928.0 4156.0
44 3961.0 3923.0
45 696.0 564.0
46 3897.0 789.0
47 4740.0 2945.0
48 2485.0 2046.0
49 1430.0 2518.0
50 4853.0 4838.0
51 2819.0 4052.0
52 3680.0 3959.0
53 118.0 4175.0
54 4760.0 1640.0
55 3461.0 2998.0
56 606.0 4784.0
57 3827.0 2397.0
58 11.0 1079.0
59 2043.0 3798.0
60 4228.0 2452.0
61 323.0 2067.0
62 4258.0 3735.0
63 2321.0 1340.0
64 1318.0 1949.0
65 1262.0 3746.0
66 755.0 4025.0
67 2264.0 1185.0
68 4299.0 3824.0
69 917.0 1711.0
70 4173.0 320.0
71 1713.0 1468.0
72 3910.0 4355.0
73 1207.0 1887.0
74 1337.0 2835.0
75 1343.0 1028.0
76 4940.0 1623.0
77 3286.0 3148.0
78 1021.0 947.0
79 2422.0 311.0
80 4977.0 4649.0
81 1137.0 2162.0
82 3493.0 865.0
83 418.0 2220.0
84 66.0 3150.0
85 1953.0 3063.0
86 548.0 1529.0
87 4795.0 1936.0
88 4280.0 886.0
89 261.0 3144.0
90 810.0 3600.0
91 43.0 4994.0
92 2972.0 2153.0
93 2207.0 4653.0
94 1346.0 642.0
95 2610.0 136.0
96 2242.0 3735.0
97 2385.0 4369.0
98 1640.0 3897.0
99 1417.0 2879.0
100 3867.0 4847.0
101 1339.0 339.0
102 2369.0 3043.0
103 2375.0 2628.0
104 1214.0 1780.0
105 1246.0 4767.0
106 4114.0 129.0
107 967.0 1050.0
108 3542.0 4375.0
109 4971.0 4689.0
110 573.0 3412.0
111 575.0 3860.0
112 3515.0 3160.0
113 2445.0 4701.0
114 3787.0 4922.0
115 3705.0 3027.0
116 1444.0 2554.0
117 3649.0 3395.0
118 3030.0 1142.0
119 2276.0 403.0
120 3195.0 4784.0
121 471.0 2539.0
122 2396.0 2217.0
123 2593.0 4639.0
124 2189.0 4313.0
125 4213.0 3810.0
126 3406.0 631.0
127 836.0 3155.0
128 1107.0 2568.0
129 852.0 2655.0
130 2004.0 3498.0
131 1324.0 686.0
132 1936.0 3931.0
133 2624.0 4638.0
134 3891.0 2354.0
135 961.0 2728.0
136 3687.0 238.0
137 4360.0 3478.0
138 4967.0 11.0
139 2772.0 3243.0
140 2254.0 79.0
141 4422.0 4581.0
142 3945.0 4442.0
143 2250.0 2349.0
144 4328.0 756.0
145 1411.0 2240.0
146 1132.0 1894.0
147 1755.0 3256.0
148 1254.0 3654.0
149 20.0 1742.0
150 1661.0 3945.0
151 2770.0 4921.0
152 3515.0 4420.0
153 584.0 3485.0
154 3165.0 8.0
155 812.0 3405.0
156 890.0 3090.0
157 1579.0 2754.0
158 2466.0 3437.0
159 2601.0 686.0
160 4962.0 697.0
161 4215.0 754.0
162 1155.0 3969.0
163 2889.0 802.0
164 1955.0 907.0
165 4114.0 4975.0
166 2636.0 4209.0
167 3578.0 2352.0
168 3686.0 835.0
169 1928.0 2654.0
170 2323.0 2757.0
171 3044.0 636.0
172 1822.0 516.0
173 1601.0 56.0
174 1472.0 741.0
175 4458.0 2255.0
176 269.0 4922.0
177 3907.0 4451.0
178 2206.0 3309.0
179 4426.0 1621.0
180 2308.0 2498.0
181 1797.0 294.0
182 4419.0 3022.0
183 3568.0 3051.0
184 3332.0 1803.0
185 4817.0 2970.0
186 224.0 4764.0
187 2918.0 2244.0
188 2640.0 2903.0
189 2072.0 4591.0
190 630.0 1645.0
191 1668.0 611.0
192 2100.0 1239.0
193 3791.0 907.0
194 3263.0 408.0
195 2559.0 4199.0
196 915.0 768.0
197 1152.0 3436.0
198 67.0 2773.0
199 2616.0 1661.0
200 1743.0 3763.0
201 880.0 3218.0
202 2791.0 309.0
203 1555.0 1314.0
204 923.0 3206.0
205 2365.0 958.0
206 2209.0 679.0
207 1720.0 4197.0
208 2482.0 58.0
209 4734.0 4538.0
210 2492.0 4362.0
211 3427.0 3909.0
212 2678.0 2010.0
213 1885.0 678.0
214 3216.0 3612.0
215 3642.0 21.0
216 2726.0 4447.0
217 789.0 2382.0
218 1099.0 2103.0
219 1420.0 186.0
220 1970.0 4814.0
221 3507.0 315.0
222 854.0 2893.0
223 1141.0 103.0
224 588.0 1059.0
225 2569.0 1863.0
226 1539.0 2351.0
227 4318.0 4925.0
228 1175.0 3171.0
229 1063.0 4641.0
230 2428.0 2660.0
231 2027.0 1566.0
232 833.0 1100.0
233 4484.0 3458.0
234 3436.0 3762.0
235 47.0 4861.0
236 2760.0 556.0
237 2021.0 1833.0
238 542.0 3051.0
239 700.0 584.0
240 793.0 2571.0
241 1253.0 2024.0
242 2473.0 1436.0
243 1574.0 1714.0
244 2073.0 1206.0
245 3700.0 1118.0
246 11.0 241.0
247 374.0 1102.0
248 2515.0 1862.0
249 4637.0 3541.0
250 211.0 3209.0
251 1802.0 1645.0
252 4562.0 3371.0
253 1619.0 3486.0
254 1040.0 609.0
255 1089.0 3948.0
256 563.0 1220.0
257 1670.0 2458.0
258 2339.0 1702.0
259 1612.0 2658.0
260 1210.0 1610.0
261 3675.0 2885.0
262 276.0 2584.0
263 1093.0 1833.0
264 555.0 3181.0
265 3917.0 85.0
266 3195.0 1600.0
267 1679.0 1755.0
268 1724.0 1340.0
269 913.0 2743.0
270 402.0 3444.0
271 3444.0 285.0
272 1827.0 1486.0
273 4177.0 1788.0
274 3280.0 1069.0
275 3142.0 4082.0
276 4452.0 3982.0
277 4219.0 1186.0
278 164.0 3966.0
279 4639.0 327.0
280 2990.0 2378.0
281 2685.0 3552.0
282 4311.0 2608.0
283 1516.0 1863.0
284 2917.0 2325.0
285 1034.0 2311.0
286 441.0 3037.0
287 420.0 2143.0
288 2883.0 261.0
289 781.0 2620.0
290 550.0 1748.0
291 4322.0 3603.0
292 1009.0 3791.0
293 3917.0 4953.0
294 4265.0 3964.0
295 153.0 372.0
296 4885.0 4313.0
297 3937.0 4833.0
298 1403.0 3648.0
299 4234.0 4133.0
300 4315.0 3074.0
301 328.0 374.0
302 1876.0 543.0
303 2790.0 2638.0
304 3307.0 3118.0
305 2561.0 863.0
306 3236.0 1224.0
307 500.0 891.0
308 2721.0 4515.0
309 3310.0 3807.0
310 4071.0 4775.0
311 3606.0 4533.0
312 2625.0 1584.0
313 3767.0 4569.0
314 511.0 742.0
315 609.0 1966.0
316 289.0 2141.0
317 1296.0 1762.0
318 2842.0 4675.0
319 583.0 3053.0
320 1012.0 3254.0
321 182.0 3398.0
322 4165.0 1278.0
323 1792.0 1222.0
324 2308.0 1316.0
325 3811.0 2670.0
326 4795.0 3317.0
327 4915.0 3626.0
328 2321.0 838.0
329 3704.0 1684.0
330 352.0 839.0
331 3401.0 3020.0
332 4714.0 2232.0
333 3080.0 1980.0
334 2065.0 2068.0
335 2823.0 2254.0
336 4249.0 1305.0
337 4131.0 4321.0
338 3234.0 1624.0
339 3646.0 3798.0
340 1324.0 1966.0
341 3735.0 1378.0
342 1420.0 4392.0
343 98.0 4627.0
344 130.0 1916.0
345 1057.0 2728.0
346 1699.0 3942.0
347 442.0 4411.0
348 3681.0 3956.0
349 2338.0 2964.0
350 1275.0 3250.0
351 3722.0 4250.0
352 4129.0 4839.0
353 1195.0 4477.0
354 4190.0 3003.0
355 2274.0 4158.0
356 4729.0 1708.0
357 2571.0 4320.0
358 2720.0 4754.0
359 4025.0 961.0
360 605.0 280.0
361 3130.0 336.0
362 1970.0 4069.0
363 2239.0 2235.0
364 4115.0 3464.0
365 4559.0 1279.0
366 3644.0 1535.0
367 3795.0 4143.0
368 3519.0 4453.0
369 4395.0 25.0
370 962.0 3232.0
371 4161.0 1803.0
372 3688.0 1879.0
373 851.0 2708.0
374 4307.0 1254.0
375 3655.0 417.0
376 749.0 2003.0
377 4327.0 4291.0
378 2982.0 2228.0
379 4300.0 235.0
380 2026.0 4881.0
381 4510.0 1459.0
382 4994.0 4045.0
383 4264.0 1870.0
384 1934.0 2354.0
385 299.0 1127.0
386 3825.0 2473.0
387 4354.0 1543.0
388 3832.0 4090.0
389 2223.0 3392.0
390 3824.0 3488.0
391 64.0 3550.0
392 2578.0 4133.0
393 1447.0 1399.0
394 4771.0 1929.0
395 4806.0 4802.0
396 3927.0 3493.0
397 3470.0 659.0
398 56.0 1282.0
399 1863.0 2024.0
400 456.0 939.0
401 3848.0 2582.0
402 2157.0 2768.0
403 4262.0 3339.0
404 1473.0 798.0
405 544.0 1599.0
406 3300.0 3829.0
407 2407.0 1493.0
408 3421.0 66.0
409 2051.0 4901.0
410 2195.0 2096.0
411 297.0 3505.0
412 380.0 4892.0
413 361.0 347.0
414 2848.0 3110.0
415 2917.0 3250.0
416 4866.0 1033.0
417 1971.0 1668.0
418 3681.0 482.0
419 656.0 43.0
420 2594.0 4205.0
421 1591.0 2757.0
422 2227.0 3631.0
423 3332.0 660.0
424 219.0 800.0
425 3974.0 2402.0
426 1203.0 2652.0
427 2537.0 1930.0
428 1457.0 576.0
429 4235.0 1724.0
430 3021.0 1515.0
431 2132.0 4922.0
432 4494.0 4940.0
433 3106.0 4320.0
434 2560.0 878.0
435 3878.0 1968.0
436 601.0 3491.0
437 1267.0 3353.0
438 4544.0 1838.0
439 127.0 4518.0
440 3547.0 4778.0
441 4464.0 524.0
442 2672.0 3313.0
443 168.0 3352.0
444 4620.0 3344.0
445 374.0 4836.0
446 1719.0 3415.0
447 2452.0 424.0
448 1389.0 1795.0
449 2682.0 3310.0
450 299.0 4991.0
451 3830.0 4602.0
452 4413.0 4360.0
453 4990.0 1143.0
454 4715.0 116.0
455 2498.0 3374.0
456 3156.0 1602.0
457 4300.0 381.0
458 1879.0 2458.0
459 2927.0 537.0
460 2540.0 4789.0
461 1617.0 601.0
462 4641.0 4731.0
463 1608.0 3132.0
464 1522.0 2273.0
465 3460.0 3789.0
466 3699.0 1910.0
467 3329.0 1902.0
468 3099.0 231.0
469 2641.0 1276.0
470 3672.0 2806.0
471 2400.0 1489.0
472 2357.0 1786.0
473 4106.0 4446.0
474 4370.0 374.0
475 67.0 4199.0
476 3367.0 2097.0
477 2898.0 750.0
478 1809.0 3962.0
479 3137.0 3666.0
480 901.0 3049.0
481 3504.0 4356.0
482 4161.0 3427.0
483 1830.0 2457.0
484 1865.0 3955.0
485 3210.0 689.0
486 3114.0 4209.0
487 834.0 3667.0
488 4318.0 3972.0
489 4609.0 4886.0
490 764.0 3894.0
491 2715.0 4866.0
492 403.0 1973.0
493 177.0 3722.0
494 2204.0 4960.0
495 3438.0 4051.0
496 2669.0 4187.0
497 913.0 4310.0
498 2245.0 1168.0
499 2338.0 3791.0
500 3587.0 1702.0