166 773
773 873
873 416
416 510
510 959
959 648
648 777
777 824
824 373
373 786
786 252
252 203
203 740
740 591
591 685
685 566
566 69
69 587
587 68
68 771
771 505
505 122
122 229
229 19
19 877
877 372
372 814
814 363
363 339
339 772
772 757
757 268
268 67
67 801
801 230
230 865
865 894
894 91
91 588
588 143
143 434
434 989
989 47
47 32
32 356
356 843
843 223
223 554
554 711
711 350
350 291
291 71
71 942
942 586
586 283
283 108
108 687
687 481
481 333
333 971
971 24
24 458
458 818
818 136
136 730
730 116
116 738
738 347
347 421
421 791
791 522
522 578
578 234
234 9
9 45
45 110
110 473
473 918
918 808
808 86
86 620
620 507
507 145
145 92
92 73
73 130
130 965
965 794
794 5
5 477
477 768
768 80
80 592
592 765
765 52
52 862
862 182
182 270
270 697
697 864
864 601
601 956
956 529
529 449
449 978
978 432
432 65
65 476
476 916
916 272
272 887
887 262
262 917
917 172
172 1
1 42
42 725
725 954
954 210
210 846
846 131
131 559
559 438
438 988
988 762
762 950
950 376
376 23
23 736
736 708
708 512
512 465
465 796
796 883
883 15
15 380
380 604
604 656
656 121
121 413
413 63
63 123
123 48
48 734
734 133
133 386
386 249
249 874
874 972
972 202
202 517
517 175
175 218
218 493
493 804
804 95
95 119
119 207
207 983
983 684
684 546
546 253
253 569
569 614
614 518
518 571
571 258
258 811
811 94
94 597
597 431
431 908
908 999
999 459
459 998
998 89
89 519
519 406
406 682
682 286
286 710
710 408
408 986
986 25
25 382
382 196
196 598
598 323
323 504
504 190
190 325
325 211
211 868
868 807
807 313
313 82
82 737
737 820
820 528
528 577
577 963
963 618
618 233
233 506
506 948
948 450
450 826
826 901
901 118
118 964
964 221
221 352
352 152
152 460
460 497
497 34
34 357
357 393
393 148
148 157
157 691
691 255
255 870
870 162
162 784
784 467
467 320
320 932
932 50
50 501
501 822
822 800
800 782
782 265
265 428
428 602
602 641
641 969
969 98
98 719
719 219
219 151
151 829
829 919
919 910
910 844
844 854
854 977
977 115
115 885
885 562
562 215
215 639
639 536
536 924
924 422
422 135
135 957
957 728
728 985
985 875
875 280
280 613
613 99
99 886
886 7
7 671
671 242
242 905
905 88
88 179
179 798
798 409
409 212
212 679
679 424
424 937
937 717
717 675
675 102
102 297
297 336
336 521
521 930
930 40
40 274
274 940
940 980
980 479
479 667
667 472
472 355
355 982
982 206
206 664
664 861
861 165
165 217
217 275
275 909
909 433
433 973
973 259
259 457
457 289
289 267
267 16
16 619
619 674
674 322
322 263
263 655
655 560
560 903
903 557
557 589
589 840
840 616
616 931
931 968
968 513
513 18
18 793
793 385
385 776
776 439
439 747
747 167
167 76
76 766
766 137
137 461
461 923
923 634
634 558
558 1000
1000 702
702 799
799 53
53 751
751 371
371 855
855 306
306 500
500 659
659 960
960 150
150 332
332 158
158 805
805 331
331 741
741 129
129 693
693 456
456 101
101 499
499 141
141 835
835 654
654 913
913 281
281 128
128 3
3 643
643 797
797 368
368 112
112 174
174 638
638 633
633 237
237 520
520 975
975 228
228 44
44 612
612 907
907 508
508 124
124 833
833 551
551 269
269 575
575 430
430 839
839 516
516 374
374 420
420 276
276 789
789 261
261 328
328 57
57 622
622 629
629 689
689 75
75 379
379 220
220 532
532 995
995 418
418 646
646 662
662 746
746 285
285 788
788 927
927 753
753 610
610 236
236 640
640 103
103 914
914 435
435 593
593 774
774 484
484 312
312 414
414 895
895 49
49 159
159 490
490 911
911 455
455 197
197 173
173 176
176 688
688 962
962 400
400 302
302 127
127 503
503 658
658 686
686 759
759 318
318 958
958 199
199 850
850 538
538 315
315 906
906 39
39 698
698 64
64 733
733 837
837 897
897 544
544 760
760 214
214 515
515 647
647 170
170 120
120 245
245 828
828 142
142 407
407 561
561 819
819 447
447 714
714 244
244 642
642 381
381 61
61 307
307 650
650 319
319 704
704 367
367 858
858 845
845 240
240 595
595 715
715 892
892 478
478 426
426 232
232 106
106 140
140 70
70 301
301 444
444 533
533 703
703 653
653 401
401 700
700 273
273 243
243 17
17 882
882 556
556 466
466 184
184 866
866 189
189 296
296 848
848 979
979 56
56 62
62 387
387 198
198 58
58 144
144 213
213 863
863 847
847 66
66 390
390 511
511 487
487 830
830 209
209 354
354 705
705 896
896 626
626 169
169 427
427 617
617 192
192 303
303 694
694 250
250 713
713 881
881 900
900 752
752 109
109 813
813 468
468 992
992 491
491 943
943 574
574 929
929 739
739 744
744 423
423 452
452 722
722 492
492 841
841 676
676 266
266 991
991 926
926 649
649 290
290 443
443 549
549 565
565 399
399 637
637 939
939 628
628 756
756 383
383 125
125 925
925 107
107 596
596 680
680 11
11 114
114 832
832 994
994 952
952 631
631 842
842 78
78 936
936 392
392 293
293 553
553 763
763 398
398 605
605 485
485 287
287 295
295 860
860 59
59 486
486 668
668 79
79 235
235 880
880 362
362 853
853 743
743 277
277 779
779 806
806 35
35 51
51 742
742 257
257 767
767 361
361 495
495 239
239 248
248 872
872 545
545 2
2 663
663 308
308 264
264 411
411 859
859 749
749 446
446 709
709 321
321 247
247 600
600 309
309 611
611 334
334 718
718 365
365 193
193 723
723 391
391 378
378 316
316 955
955 194
194 171
171 920
920 696
696 645
645 810
810 471
471 563
563 164
164 803
803 878
878 665
665 83
83 623
623 359
359 817
817 417
417 542
542 208
208 867
867 191
191 570
570 928
928 852
852 469
469 134
134 785
785 838
838 415
415 104
104 661
661 96
96 732
732 441
441 974
974 758
758 474
474 764
764 543
543 947
947 681
681 568
568 445
445 781
781 849
849 550
550 298
298 898
898 8
8 583
583 579
579 573
573 678
678 941
941 590
590 419
419 160
160 147
147 402
402 729
729 353
353 716
716 748
748 984
984 673
673 425
425 699
699 304
304 823
823 85
85 922
922 834
834 787
787 541
541 567
567 396
396 437
437 483
483 405
405 200
200 531
531 540
540 397
397 139
139 284
284 582
582 780
780 524
524 812
812 603
603 10
10 4
4 54
54 177
177 146
146 241
241 186
186 802
802 33
33 81
81 778
778 750
750 670
670 72
72 138
138 187
187 509
509 869
869 581
581 790
790 377
377 816
816 440
440 395
395 879
879 442
442 627
627 525
525 246
246 22
22 480
480 342
342 652
652 482
482 389
389 204
204 225
225 666
666 77
77 97
97 87
87 294
294 282
282 375
375 644
644 337
337 185
185 624
624 36
36 188
188 180
180 448
448 126
126 555
555 981
981 149
149 502
502 876
876 27
27 344
344 341
341 523
523 205
205 55
55 672
672 615
615 475
475 856
856 792
792 343
343 701
701 754
754 580
580 669
669 951
951 724
724 105
105 155
155 226
226 712
712 216
216 831
831 327
327 30
30 851
851 429
429 305
305 795
795 156
156 370
370 38
38 996
996 403
403 163
163 181
181 552
552 60
60 608
608 539
539 489
489 279
279 161
161 498
498 310
310 683
683 404
404 300
300 755
755 178
178 329
329 154
154 783
783 976
976 394
394 366
366 299
299 227
227 727
727 775
775 346
346 348
348 572
572 935
935 735
735 526
526 594
594 43
43 470
470 621
621 902
902 890
890 231
231 494
494 26
26 254
254 351
351 31
31 720
720 609
609 46
46 537
537 412
412 695
695 891
891 857
857 12
12 889
889 888
888 630
630 260
260 809
809 721
721 364
364 338
338 997
997 330
330 836
836 636
636 690
690 660
660 111
111 153
153 921
921 961
961 224
224 314
314 29
29 292
292 547
547 311
311 349
349 238
238 288
288 463
463 953
953 726
726 625
625 132
132 967
967 388
388 251
251 451
451 677
677 548
548 324
324 599
599 527
527 899
899 607
607 278
278 692
692 933
933 514
514 530
530 821
821 335
335 970
970 651
651 496
496 113
113 74
74 117
117 564
564 893
893 635
635 20
20 657
657 945
945 183
183 770
770 14
14 884
884 358
358 271
271 488
488 576
576 384
384 912
912 454
454 904
904 535
535 21
21 871
871 41
41 990
990 993
993 949
949 534
534 100
100 195
195 966
966 6
6 13
13 464
464 825
825 84
84 769
769 606
606 90
90 256
256 453
453 761
761 201
201 93
93 585
585 815
815 326
326 745
745 340
340 632
632 168
168 317
317 222
222 915
915 369
369 707
707 436
436 345
345 987
987 37
37 584
584 410
410 827
827 731
731 360
360 946
946 706
706 28
28 462
462 944
944 934
934 938
938 166
